1 76
1.001 56
1.00425 72
1.00425 608
1.00425 576
1.00832 608
1.00832 576
1.01664 608
1.01664 576
1.02496 608
1.02496 576
1.03328 608
1.03328 576
1.0416 608
1.0416 576
1.04992 608
1.04992 576
1.05824 608
1.05824 576
1.06656 608
1.06656 576
1.07488 608
1.07488 576
1.0832 608
1.0832 576
1.09152 608
1.09152 576
1.09984 608
1.09984 576
1.10816 608
1.10816 576
1.11648 608
1.11648 576
1.1248 608
1.1248 576
1.13312 608
1.13312 576
1.13915 608
1.14425 608
1.14425 576
1.14976 608
1.14976 576
1.15808 608
1.15808 576
1.1664 608
1.1664 576
1.17472 608
1.17472 576
1.18304 608
1.18304 576
1.19136 608
1.19136 576
1.19968 608
1.19968 576
1.208 608
1.208 576
1.21632 608
1.21632 576
1.22464 608
1.22464 576
1.23296 608
1.23296 576
1.24128 608
1.24128 576
1.2496 608
1.2496 576
1.25792 608
1.25792 576
1.26624 608
1.26624 576
1.27456 608
1.27456 576
1.28288 608
1.28288 576
1.2912 608
1.2912 576
1.29952 608
1.29952 576
1.30784 608
1.30784 576
1.31616 608
1.31616 576
1.32448 608
1.32448 576
1.3328 608
1.3328 576
1.34112 608
1.34112 576
1.34944 608
1.34944 576
1.35776 608
1.35776 576
1.36608 608
1.36608 576
1.3744 608
1.3744 576
1.38272 608
1.38272 576
1.39104 608
1.39104 576
1.39936 608
1.39936 576
1.40539 608
1.41049 608
1.41049 576
1.416 608
1.416 576
1.42432 608
1.42432 576
1.43264 608
1.43264 576
1.43867 608
1.44377 608
1.44377 576
1.44928 608
1.44928 576
1.4576 608
1.4576 576
1.46592 608
1.46592 576
1.47424 608
1.47424 576
1.48256 608
1.48256 576
1.49088 608
1.49088 576
1.4992 608
1.4992 576
1.50752 608
1.50752 576
1.51584 608
1.51584 576
1.52416 608
1.52416 576
1.53248 608
1.53248 576
1.5408 608
1.5408 576
1.54912 608
1.54912 576
1.55744 608
1.55744 576
1.56576 608
1.56576 576
1.57408 608
1.57408 576
1.5824 608
1.5824 576
1.59072 608
1.59072 576
1.59904 608
1.59904 576
1.60736 608
1.60736 576
1.61568 608
1.61568 576
1.624 608
1.624 576
1.63232 608
1.63232 576
1.64064 608
1.64064 576
1.64896 608
1.64896 576
1.65728 608
1.65728 576
1.6656 608
1.6656 576
1.67392 608
1.67392 576
1.68224 608
1.68224 576
1.69056 608
1.69056 576
1.69888 608
1.69888 576
1.7072 608
1.7072 576
1.71552 608
1.71552 576
1.72384 608
1.72384 576
1.73216 608
1.73216 576
1.74048 608
1.74048 576
1.7488 608
1.7488 576
1.75712 608
1.75712 576
1.76544 608
1.76544 576
1.77376 608
1.77376 576
1.78208 608
1.78208 576
1.7904 608
1.7904 576
1.79872 608
1.79872 576
1.80704 608
1.80704 576
1.81536 608
1.81536 576
1.82368 608
1.82368 576
1.832 608
1.832 576
1.84032 608
1.84032 576
1.84864 608
1.84864 576
1.85696 608
1.85696 576
1.86528 608
1.86528 576
1.8736 608
1.8736 576
1.88192 608
1.88192 576
1.89024 608
1.89024 576
1.89856 608
1.89856 576
1.90688 608
1.90688 576
1.9152 608
1.9152 576
1.92352 608
1.92352 576
1.93184 608
1.93184 576
1.94016 608
1.94016 576
1.94848 608
1.94848 576
1.9568 608
1.9568 576
1.96512 608
1.96512 576
1.97344 608
1.97344 576
1.98176 608
1.98176 576
1.99008 608
1.99008 576
1.9984 608
1.9984 576
2.00672 608
2.00672 576
2.01504 608
2.01504 576
2.02336 608
2.02336 576
2.03168 608
2.03168 576
2.03315 56
2.04 608
2.04 576
2.04832 608
2.04832 576
2.05664 608
2.05664 576
2.06496 608
2.06496 576
2.07328 608
2.07328 576
2.0816 608
2.0816 576
2.08992 608
2.08992 576
2.09824 608
2.09824 576
2.10656 608
2.10656 576
2.11488 608
2.11488 576
2.1232 608
2.1232 576
2.13152 608
2.13152 576
2.13984 608
2.13984 576
2.14816 608
2.14816 576
2.15648 608
2.15648 576
2.1648 608
2.1648 576
2.17312 608
2.17312 576
2.18144 608
2.18144 576
2.18976 608
2.18976 576
2.19808 608
2.19808 576
2.2064 608
2.2064 576
2.21472 608
2.21472 576
2.22304 608
2.22304 576
2.23136 608
2.23136 576
2.23968 608
2.23968 576
2.248 608
2.248 576
2.25632 608
2.25632 576
2.26464 608
2.26464 576
2.27296 608
2.27296 576
2.28128 608
2.28128 576
2.2896 608
2.2896 576
2.29792 608
2.29792 576
2.30624 608
2.30624 576
2.31456 608
2.31456 576
2.32288 608
2.32288 576
2.3312 608
2.3312 576
2.33952 608
2.33952 576
2.34784 608
2.34784 576
2.35616 608
2.35616 576
2.36448 608
2.36448 576
2.3728 608
2.3728 576
2.38112 608
2.38112 576
2.38944 608
2.38944 576
2.39776 608
2.39776 576
2.40608 608
2.40608 576
2.4144 608
2.4144 576
2.42272 608
2.42272 576
2.43104 608
2.43104 576
2.43936 608
2.43936 576
2.44768 608
2.44768 576
2.456 608
2.456 576
2.46432 608
2.46432 576
2.47264 608
2.47264 576
2.48096 608
2.48096 576
2.48928 608
2.48928 576
2.4976 608
2.4976 576
2.50592 608
2.50592 576
2.51424 608
2.51424 576
2.52256 608
2.52256 576
2.52768 608
2.53279 608
2.53789 576
2.54294 608
2.54294 608
2.54294 544
2.54752 608
2.54752 576
2.55584 608
2.55584 576
2.56416 608
2.56416 576
2.57248 608
2.57248 576
2.5808 608
2.5808 576
2.58912 608
2.58912 576
2.59515 608
2.60025 608
2.60025 576
2.60576 608
2.60576 576
2.61408 608
2.61408 576
2.6224 608
2.6224 576
2.63072 608
2.63072 576
2.63904 608
2.63904 576
2.64736 608
2.64736 576
2.65568 608
2.65568 576
2.664 608
2.664 576
2.67232 608
2.67232 576
2.68064 608
2.68064 576
2.68896 608
2.68896 576
2.69728 608
2.69728 576
2.7056 608
2.7056 576
2.71392 608
2.71392 576
2.72224 608
2.72224 576
2.73056 608
2.73056 576
2.73888 608
2.73888 576
2.7472 608
2.7472 576
2.75552 608
2.75552 576
2.76384 608
2.76384 576
2.77216 608
2.77216 576
2.78048 608
2.78048 576
2.7888 608
2.7888 576
2.79712 608
2.79712 576
2.80544 608
2.80544 576
2.81376 608
2.81376 576
2.82208 608
2.82208 576
2.8304 608
2.8304 576
2.83872 608
2.83872 576
2.84704 608
2.84704 576
2.85536 608
2.85536 576
2.86368 608
2.86368 576
2.872 608
2.872 576
2.88032 608
2.88032 576
2.88864 608
2.88864 576
2.89696 608
2.89696 576
2.90528 608
2.90528 576
2.9136 608
2.9136 576
2.92192 608
2.92192 576
2.93024 608
2.93024 576
2.93856 608
2.93856 576
2.94688 608
2.94688 576
2.9552 608
2.9552 576
2.96352 608
2.96352 576
2.97184 608
2.97184 576
2.98016 608
2.98016 576
2.98848 608
2.98848 576
2.9968 608
2.9968 576
3.00512 608
3.00512 576
3.01344 608
3.01344 576
3.02176 608
3.02176 576
3.03008 608
3.03008 576
3.0384 608
3.0384 576
3.04672 608
3.04672 576
3.05504 608
3.05504 576
3.06336 608
3.06336 576
3.07168 608
3.07168 576
3.08 608
3.08 576
3.08832 608
3.08832 576
3.09664 608
3.09664 576
3.10496 608
3.10496 576
3.11328 608
3.11328 576
3.1216 608
3.1216 576
3.12992 608
3.12992 576
3.13824 608
3.13824 576
3.14656 608
3.14656 576
3.15488 608
3.15488 576
3.1632 608
3.1632 576
3.17152 608
3.17152 576
3.17984 608
3.17984 576
3.18816 608
3.18816 576
3.19648 608
3.19648 576
3.2048 608
3.2048 576
3.21312 608
3.21312 576
3.22144 608
3.22144 576
3.22976 608
3.22976 576
3.23808 608
3.23808 576
3.2464 608
3.2464 576
3.25472 608
3.25472 576
3.26304 608
3.26304 576
3.27136 608
3.27136 576
3.27968 608
3.27968 576
3.288 608
3.288 576
3.29632 608
3.29632 576
3.30464 608
3.30464 576
3.31296 608
3.31296 576
3.32128 608
3.32128 576
3.3296 608
3.3296 576
3.33792 608
3.33792 576
3.34624 608
3.34624 576
3.35456 608
3.35456 576
3.36288 608
3.36288 576
3.3712 608
3.3712 576
3.37952 608
3.37952 576
3.38784 608
3.38784 576
3.39616 608
3.39616 576
3.40448 608
3.40448 576
3.4128 608
3.4128 576
3.42112 608
3.42112 576
3.42944 608
3.42944 576
3.43776 608
3.43776 576
3.44608 608
3.44608 576
3.4544 608
3.4544 576
3.46272 608
3.46272 576
3.47104 608
3.47104 576
3.47936 608
3.47936 576
3.48768 608
3.48768 576
3.496 608
3.496 576
3.50432 608
3.50432 576
3.51264 608
3.51264 576
3.52096 608
3.52096 576
3.52928 608
3.52928 576
3.5376 608
3.5376 576
3.54592 608
3.54592 576
3.55424 608
3.55424 576
3.56256 608
3.56256 576
3.57088 608
3.57088 576
3.5792 608
3.5792 576
3.58752 608
3.58752 576
3.59584 608
3.59584 576
3.60416 608
3.60416 576
3.61248 608
3.61248 576
3.6208 608
3.6208 576
3.62912 608
3.62912 576
3.63744 608
3.63744 576
3.64576 608
3.64576 576
3.65408 608
3.65408 576
3.6624 608
3.6624 576
3.67072 608
3.67072 576
3.67904 608
3.67904 576
3.68736 608
3.68736 576
3.69568 608
3.69568 576
3.704 608
3.704 576
3.71232 608
3.71232 576
3.72064 608
3.72064 576
3.72896 608
3.72896 576
3.73728 608
3.73728 576
3.7456 608
3.7456 576
3.75392 608
3.75392 576
3.76224 608
3.76224 576
3.77056 608
3.77056 576
3.77888 608
3.77888 576
3.7872 608
3.7872 576
3.79552 608
3.79552 576
3.80384 608
3.80384 576
3.81216 608
3.81216 576
3.82048 608
3.82048 576
3.8288 608
3.8288 576
3.83712 608
3.83712 576
3.84544 608
3.84544 576
3.85376 608
3.85376 576
3.86208 608
3.86208 576
3.8704 608
3.8704 576
3.87872 608
3.87872 576
3.88704 608
3.88704 576
3.89536 608
3.89536 576
3.90368 608
3.90368 576
3.912 608
3.912 576
3.92032 608
3.92032 576
3.92864 608
3.92864 576
3.93696 608
3.93696 576
3.94528 608
3.94528 576
3.9536 608
3.9536 576
3.96192 608
3.96192 576
3.97024 608
3.97024 576
3.97856 608
3.97856 576
3.98688 608
3.98688 576
3.9952 608
3.9952 576
4.00352 608
4.00352 576
4.01184 608
4.01184 576
4.02016 608
4.02016 576
4.02848 608
4.02848 576
4.0368 608
4.0368 576
4.04512 608
4.04512 576
4.05344 608
4.05344 576
4.06176 608
4.06176 576
4.07008 608
4.07008 576
4.0784 608
4.0784 576
4.08672 608
4.08672 576
4.09504 608
4.09504 576
4.10336 608
4.10336 576
4.11168 608
4.11168 576
4.12 608
4.12 576
4.12832 608
4.12832 576
4.13664 608
4.13664 576
4.143 56
4.14496 608
4.14496 576
4.15328 608
4.15328 576
4.1616 608
4.1616 576
4.16992 608
4.16992 576
4.17824 608
4.17824 576
4.18656 608
4.18656 576
4.19488 608
4.19488 576
4.2032 608
4.2032 576
4.21152 608
4.21152 576
4.21984 608
4.21984 576
4.22816 608
4.22816 576
4.23648 608
4.23648 576
4.2448 608
4.2448 576
4.25312 608
4.25312 576
4.26144 608
4.26144 576
4.26976 608
4.26976 576
4.27808 608
4.27808 576
4.2864 608
4.2864 576
4.29472 608
4.29472 576
4.30304 608
4.30304 576
4.31136 608
4.31136 576
4.31968 608
4.31968 576
4.328 608
4.328 576
4.33632 608
4.33632 576
4.34464 608
4.34464 576
4.35296 608
4.35296 576
4.36128 608
4.36128 576
4.3696 608
4.3696 576
4.37792 608
4.37792 576
4.38624 608
4.38624 576
4.39456 608
4.39456 576
4.40288 608
4.40288 576
4.4112 608
4.4112 576
4.41952 608
4.41952 576
4.42784 608
4.42784 576
4.43616 608
4.43616 576
4.44448 608
4.44448 576
4.4528 608
4.4528 576
4.46112 608
4.46112 576
4.46944 608
4.46944 576
4.47776 608
4.47776 576
4.48608 608
4.48608 576
4.4944 608
4.4944 576
4.50272 608
4.50272 576
4.51104 608
4.51104 576
4.51936 608
4.51936 576
4.52768 608
4.52768 576
4.536 608
4.536 576
4.54432 608
4.54432 576
4.55264 608
4.55264 576
4.56096 608
4.56096 576
4.56928 608
4.56928 576
4.5776 608
4.5776 576
4.58592 608
4.58592 576
4.59424 608
4.59424 576
4.60256 608
4.60256 576
4.61088 608
4.61088 576
4.6192 608
4.6192 576
4.62752 608
4.62752 576
4.63584 608
4.63584 576
4.64416 608
4.64416 576
4.65248 608
4.65248 576
4.6608 608
4.6608 576
4.66912 608
4.66912 576
4.67744 608
4.67744 576
4.68576 608
4.68576 576
4.69408 608
4.69408 576
4.7024 608
4.7024 576
4.71072 608
4.71072 576
4.71904 608
4.71904 576
4.72736 608
4.72736 576
4.73568 608
4.73568 576
4.744 608
4.744 576
4.75232 608
4.75232 576
4.76064 608
4.76064 576
4.76896 608
4.76896 576
4.77728 608
4.77728 576
4.7856 608
4.7856 576
4.79392 608
4.79392 576
4.80224 608
4.80224 576
4.81056 608
4.81056 576
4.81888 608
4.81888 576
4.8272 608
4.8272 576
4.83552 608
4.83552 576
4.84384 608
4.84384 576
4.85216 608
4.85216 576
4.86048 608
4.86048 576
4.8688 608
4.8688 576
4.87712 608
4.87712 576
4.88544 608
4.88544 576
4.89376 608
4.89376 576
4.90208 608
4.90208 576
4.9104 608
4.9104 576
4.91872 608
4.91872 576
4.92704 608
4.92704 576
4.93536 608
4.93536 576
4.94368 608
4.94368 576
4.952 608
4.952 576
4.96032 608
4.96032 576
4.96864 608
4.96864 576
4.97696 608
4.97696 576
4.98528 608
4.98528 576
4.9936 608
4.9936 576
5.00192 608
5.00192 576
5.01024 608
5.01024 576
5.01856 608
5.01856 576
5.02688 608
5.02688 576
5.0352 608
5.0352 576
5.04352 608
5.04352 576
5.05184 608
5.05184 576
5.06016 608
5.06016 576
5.06848 608
5.06848 576
5.0768 608
5.0768 576
5.08512 608
5.08512 576
5.09344 608
5.09344 576
5.10176 608
5.10176 576
5.11008 608
5.11008 576
5.1184 608
5.1184 576
5.12672 608
5.12672 576
5.13504 608
5.13504 576
5.14336 608
5.14336 576
5.15168 608
5.15168 576
5.16 608
5.16 576
5.16832 608
5.16832 576
5.17664 608
5.17664 576
5.18496 608
5.18496 576
5.19328 608
5.19328 576
5.2016 608
5.2016 576
5.20992 608
5.20992 576
5.21824 608
5.21824 576
5.22656 608
5.22656 576
5.23488 608
5.23488 576
5.2432 608
5.2432 576
5.25152 608
5.25152 576
5.25984 608
5.25984 576
5.26816 608
5.26816 576
5.27648 608
5.27648 576
5.2848 608
5.2848 576
5.29312 608
5.29312 576
5.30144 608
5.30144 576
5.30976 608
5.30976 576
5.31808 608
5.31808 576
5.3264 608
5.3264 576
5.33472 608
5.33472 576
5.34304 608
5.34304 576
5.35136 608
5.35136 576
5.35968 608
5.35968 576
5.368 608
5.368 576
5.37632 608
5.37632 576
5.38464 608
5.38464 576
5.39296 608
5.39296 576
5.40128 608
5.40128 576
5.4096 608
5.4096 576
5.41792 608
5.41792 576
5.42624 608
5.42624 576
5.43456 608
5.43456 576
5.44288 608
5.44288 576
5.4512 608
5.4512 576
5.45952 608
5.45952 576
5.46784 608
5.46784 576
5.47616 608
5.47616 576
5.48448 608
5.48448 576
5.4928 608
5.4928 576
5.50112 608
5.50112 576
5.50944 608
5.50944 576
5.51776 608
5.51776 576
5.52608 608
5.52608 576
5.5344 608
5.5344 576
5.54272 608
5.54272 576
5.55104 608
5.55104 576
5.55936 608
5.55936 576
5.56768 608
5.56768 576
5.576 608
5.576 576
5.58432 608
5.58432 576
5.59264 608
5.59264 576
5.60096 608
5.60096 576
5.60928 608
5.60928 576
5.6176 608
5.6176 576
5.62592 608
5.62592 576
5.63424 608
5.63424 576
5.64256 608
5.64256 576
5.65088 608
5.65088 576
5.6592 608
5.6592 576
5.66752 608
5.66752 576
5.67584 608
5.67584 576
5.68416 608
5.68416 576
5.69248 608
5.69248 576
5.7008 608
5.7008 576
5.70912 608
5.70912 576
5.71744 608
5.71744 576
5.72576 608
5.72576 576
5.73408 608
5.73408 576
5.7424 608
5.7424 576
5.75072 608
5.75072 576
5.75904 608
5.75904 576
5.76736 608
5.76736 576
5.77568 608
5.77568 576
5.784 608
5.784 576
5.79003 608
5.79513 608
5.79513 576
5.80064 608
5.80064 576
5.80896 608
5.80896 576
5.81728 608
5.81728 576
5.8256 608
5.8256 576
5.83392 608
5.83392 576
5.84224 608
5.84224 576
5.85056 608
5.85056 576
5.85888 608
5.85888 576
5.8672 608
5.8672 576
5.87552 608
5.87552 576
5.88384 608
5.88384 576
5.89216 608
5.89216 576
5.90048 608
5.90048 576
5.9088 608
5.9088 576
5.91712 608
5.91712 576
5.92544 608
5.92544 576
5.93376 608
5.93376 576
5.94208 608
5.94208 576
5.9504 608
5.9504 576
5.95872 608
5.95872 576
5.96704 608
5.96704 576
5.97536 608
5.97536 576
5.98368 608
5.98368 576
5.992 608
5.992 576
6.00032 608
6.00032 576
6.00864 608
6.00864 576
6.01696 608
6.01696 576
6.02528 608
6.02528 576
6.0336 608
6.0336 576
6.04192 608
6.04192 576
6.05024 608
6.05024 576
6.05856 608
6.05856 576
6.06688 608
6.06688 576
6.0752 608
6.0752 576
6.08352 608
6.08352 576
6.09184 608
6.09184 576
6.10016 608
6.10016 576
6.10848 608
6.10848 576
6.1168 608
6.1168 576
6.12512 608
6.12512 576
6.13344 608
6.13344 576
6.14176 608
6.14176 576
6.15008 608
6.15008 576
6.1584 608
6.1584 576
6.16672 608
6.16672 576
6.17504 608
6.17504 576
6.18336 608
6.18336 576
6.19168 608
6.19168 576
6.2 608
6.2 576
6.20832 608
6.20832 576
6.21664 608
6.21664 576
6.22496 608
6.22496 576
6.23328 608
6.23328 576
6.2416 608
6.2416 576
6.24992 608
6.24992 576
6.25824 608
6.25824 576
6.26656 608
6.26656 576
6.27488 608
6.27488 576
6.2832 608
6.2832 576
6.29152 608
6.29152 576
6.29984 608
6.29984 576
6.30816 608
6.30816 576
6.31648 608
6.31648 576
6.3248 608
6.3248 576
6.33312 608
6.33312 576
6.34144 608
6.34144 576
6.34976 608
6.34976 576
6.35808 608
6.35808 576
6.3664 608
6.3664 576
6.37472 608
6.37472 576
6.38304 608
6.38304 576
6.39136 608
6.39136 576
6.39968 608
6.39968 576
6.408 608
6.408 576
6.41632 608
6.41632 576
6.42464 608
6.42464 576
6.43296 608
6.43296 576
6.43899 608
6.44409 608
6.44409 576
6.4496 608
6.4496 576
6.45792 608
6.45792 576
6.46624 608
6.46624 576
6.47456 608
6.47456 576
6.48288 608
6.48288 576
6.4912 608
6.4912 576
6.49952 608
6.49952 576
6.50784 608
6.50784 576
6.51616 608
6.51616 576
6.52448 608
6.52448 576
6.5328 608
6.5328 576
6.54112 608
6.54112 576
6.54944 608
6.54944 576
6.55776 608
6.55776 576
6.56608 608
6.56608 576
6.5744 608
6.5744 576
6.58272 608
6.58272 576
6.59104 608
6.59104 576
6.59936 608
6.59936 576
6.60768 608
6.60768 576
6.616 608
6.616 576
6.62432 608
6.62432 576
6.63264 608
6.63264 576
6.64096 608
6.64096 576
6.64928 608
6.64928 576
6.6576 608
6.6576 576
6.66592 608
6.66592 576
6.67424 608
6.67424 576
6.68256 608
6.68256 576
6.69088 608
6.69088 576
6.6992 608
6.6992 576
6.70752 608
6.70752 576
6.71584 608
6.71584 576
6.72416 608
6.72416 576
6.73248 608
6.73248 576
6.7408 608
6.7408 576
6.74912 608
6.74912 576
6.75744 608
6.75744 576
6.76576 608
6.76576 576
6.77408 608
6.77408 576
6.7824 608
6.7824 576
6.79072 608
6.79072 576
6.79904 608
6.79904 576
6.80736 608
6.80736 576
6.81568 608
6.81568 576
6.824 608
6.824 576
6.83232 608
6.83232 576
6.84064 608
6.84064 576
6.84896 608
6.84896 576
6.85728 608
6.85728 576
6.8656 608
6.8656 576
6.87392 608
6.87392 576
6.88224 608
6.88224 576
6.89056 608
6.89056 576
6.89888 608
6.89888 576
6.9072 608
6.9072 576
6.91552 608
6.91552 576
6.92384 608
6.92384 576
6.93216 608
6.93216 576
6.94048 608
6.94048 576
6.9488 608
6.9488 576
6.95712 608
6.95712 576
6.96544 608
6.96544 576
6.97376 608
6.97376 576
6.98208 608
6.98208 576
6.9904 608
6.9904 576
6.99872 608
6.99872 576
7.00704 608
7.00704 576
7.01536 608
7.01536 576
7.02368 608
7.02368 576
7.032 608
7.032 576
7.04032 608
7.04032 576
7.04864 608
7.04864 576
7.05696 608
7.05696 576
7.06528 608
7.06528 576
7.0736 608
7.0736 576
7.08192 608
7.08192 576
7.09024 608
7.09024 576
7.09856 608
7.09856 576
7.10688 608
7.10688 576
7.1152 608
7.1152 576
7.12352 608
7.12352 576
7.13184 608
7.13184 576
7.14016 608
7.14016 576
7.14848 608
7.14848 576
7.1568 608
7.1568 576
7.16512 608
7.16512 576
7.17344 608
7.17344 576
7.18176 608
7.18176 576
7.19008 608
7.19008 576
7.1984 608
7.1984 576
7.20672 608
7.20672 576
7.21504 608
7.21504 576
7.22336 608
7.22336 576
7.23168 608
7.23168 576
7.24 608
7.24 576
7.24832 608
7.24832 576
7.25664 608
7.25664 576
7.26496 608
7.26496 576
7.27328 608
7.27328 576
7.2816 608
7.2816 576
7.28992 608
7.28992 576
7.29824 608
7.29824 576
7.30656 608
7.30656 576
7.31488 608
7.31488 576
7.3232 608
7.3232 576
7.33152 608
7.33152 576
7.33984 608
7.33984 576
7.34816 608
7.34816 576
7.35327 576
7.35831 608
7.35831 576
7.3648 608
7.3648 576
7.37312 608
7.37312 576
7.37915 608
7.38425 608
7.38425 576
7.38976 608
7.38976 576
7.39808 608
7.39808 576
7.4064 608
7.4064 576
7.41472 608
7.41472 576
7.42304 608
7.42304 576
7.43136 608
7.43136 576
7.43968 608
7.43968 576
7.448 608
7.448 576
7.45632 608
7.45632 576
7.46464 608
7.46464 576
7.47296 608
7.47296 576
7.48128 608
7.48128 576
7.4896 608
7.4896 576
7.49792 608
7.49792 576
7.50624 608
7.50624 576
7.51456 608
7.51456 576
7.52288 608
7.52288 576
7.5312 608
7.5312 576
7.53952 608
7.53952 576
7.54784 608
7.54784 576
7.55616 608
7.55616 576
7.56448 608
7.56448 576
7.5728 608
7.5728 576
7.58112 608
7.58112 576
7.58944 608
7.58944 576
7.59776 608
7.59776 576
7.60608 608
7.60608 576
7.6144 608
7.6144 576
7.62272 608
7.62272 576
7.63104 608
7.63104 576
7.63936 608
7.63936 576
7.64768 608
7.64768 576
7.656 608
7.656 576
7.66432 608
7.66432 576
7.67264 608
7.67264 576
7.68096 608
7.68096 576
7.68928 608
7.68928 576
7.6976 608
7.6976 576
7.70592 608
7.70592 576
7.71424 608
7.71424 576
7.72256 608
7.72256 576
7.73088 608
7.73088 576
7.7392 608
7.7392 576
7.74752 608
7.74752 576
7.75584 608
7.75584 576
7.76416 608
7.76416 576
7.77248 608
7.77248 576
7.7808 608
7.7808 576
7.78912 608
7.78912 576
7.79744 608
7.79744 576
7.80576 608
7.80576 576
7.81408 608
7.81408 576
7.8224 608
7.8224 576
7.83072 608
7.83072 576
7.83904 608
7.83904 576
7.84736 608
7.84736 576
7.85568 608
7.85568 576
7.864 608
7.864 576
7.87232 608
7.87232 576
7.88064 608
7.88064 576
7.88896 608
7.88896 576
7.89728 608
7.89728 576
7.9056 608
7.9056 576
7.91392 608
7.91392 576
7.92224 608
7.92224 576
7.93056 608
7.93056 576
7.93888 608
7.93888 576
7.9472 608
7.9472 576
7.95552 608
7.95552 576
7.96384 608
7.96384 576
7.97216 608
7.97216 576
7.98048 608
7.98048 576
7.9888 608
7.9888 576
7.99712 608
7.99712 576
8.00544 608
8.00544 576
8.01376 608
8.01376 576
8.02208 608
8.02208 576
8.0304 608
8.0304 576
8.03872 608
8.03872 576
8.04704 608
8.04704 576
8.05536 608
8.05536 576
8.06368 608
8.06368 576
8.072 608
8.072 576
8.08032 608
8.08032 576
8.08864 608
8.08864 576
8.09696 608
8.09696 576
8.10528 608
8.10528 576
8.1136 608
8.1136 576
8.12192 608
8.12192 576
8.13024 608
8.13024 576
8.13535 576
8.14039 608
8.14039 576
8.14688 608
8.14688 576
8.1552 608
8.1552 576
8.16352 608
8.16352 576
8.17184 608
8.17184 576
8.18016 608
8.18016 576
8.18848 608
8.18848 576
8.1968 608
8.1968 576
8.20512 608
8.20512 576
8.21344 608
8.21344 576
8.22176 608
8.22176 576
8.23008 608
8.23008 576
8.2384 608
8.2384 576
8.24672 608
8.24672 576
8.25504 608
8.25504 576
8.26336 608
8.26336 576
8.27168 608
8.27168 576
8.28 608
8.28 576
8.28832 608
8.28832 576
8.29664 608
8.29664 576
8.30496 608
8.30496 576
8.31328 608
8.31328 576
8.3216 608
8.3216 576
8.32762 56
8.32992 608
8.32992 576
8.33824 608
8.33824 576
8.34656 608
8.34656 576
8.35488 608
8.35488 576
8.3632 608
8.3632 576
8.37152 608
8.37152 576
8.37984 608
8.37984 576
8.38816 608
8.38816 576
8.39648 608
8.39648 576
8.4048 608
8.4048 576
8.41312 608
8.41312 576
8.42144 608
8.42144 576
8.42976 608
8.42976 576
8.43808 608
8.43808 576
8.4464 608
8.4464 576
8.45472 608
8.45472 576
8.46304 608
8.46304 576
8.47136 608
8.47136 576
8.47968 608
8.47968 576
8.488 608
8.488 576
8.49632 608
8.49632 576
8.50464 608
8.50464 576
8.51296 608
8.51296 576
8.52128 608
8.52128 576
8.5296 608
8.5296 576
8.53792 608
8.53792 576
8.54624 608
8.54624 576
8.55456 608
8.55456 576
8.56288 608
8.56288 576
8.5712 608
8.5712 576
8.57952 608
8.57952 576
8.58784 608
8.58784 576
8.59616 608
8.59616 576
8.60448 608
8.60448 576
8.6128 608
8.6128 576
8.62112 608
8.62112 576
8.62944 608
8.62944 576
8.63776 608
8.63776 576
8.64608 608
8.64608 576
8.6544 608
8.6544 576
8.66272 608
8.66272 576
8.67104 608
8.67104 576
8.67936 608
8.67936 576
8.68768 608
8.68768 576
8.696 608
8.696 576
8.70432 608
8.70432 576
8.71264 608
8.71264 576
8.72096 608
8.72096 576
8.72928 608
8.72928 576
8.7376 608
8.7376 576
8.74592 608
8.74592 576
8.75424 608
8.75424 576
8.76256 608
8.76256 576
8.77088 608
8.77088 576
8.7792 608
8.7792 576
8.78752 608
8.78752 576
8.79584 608
8.79584 576
8.80416 608
8.80416 576
8.81248 608
8.81248 576
8.8208 608
8.8208 576
8.82912 608
8.82912 576
8.83744 608
8.83744 576
8.84576 608
8.84576 576
8.85408 608
8.85408 576
8.8624 608
8.8624 576
8.87072 608
8.87072 576
8.87904 608
8.87904 576
8.88736 608
8.88736 576
8.89568 608
8.89568 576
8.904 608
8.904 576
8.91232 608
8.91232 576
8.92064 608
8.92064 576
8.92896 608
8.92896 576
8.93728 608
8.93728 576
8.9456 608
8.9456 576
8.95392 608
8.95392 576
8.96224 608
8.96224 576
8.97056 608
8.97056 576
8.97888 608
8.97888 576
8.9872 608
8.9872 576
8.99552 608
8.99552 576
9.00384 608
9.00384 576
9.01216 608
9.01216 576
9.02048 608
9.02048 576
9.0288 608
9.0288 576
9.03712 608
9.03712 576
9.04544 608
9.04544 576
9.05376 608
9.05376 576
9.06208 608
9.06208 576
9.0704 608
9.0704 576
9.07872 608
9.07872 576
9.08704 608
9.08704 576
9.09536 608
9.09536 576
9.10368 608
9.10368 576
9.112 608
9.112 576
9.12032 608
9.12032 576
9.12864 608
9.12864 576
9.13696 608
9.13696 576
9.14528 608
9.14528 576
9.1536 608
9.1536 576
9.16192 608
9.16192 576
9.17024 608
9.17024 576
9.17856 608
9.17856 576
9.18688 608
9.18688 576
9.1952 608
9.1952 576
9.20352 608
9.20352 576
9.21184 608
9.21184 576
9.22016 608
9.22016 576
9.22848 608
9.22848 576
9.2368 608
9.2368 576
9.24512 608
9.24512 576
9.25344 608
9.25344 576
9.26176 608
9.26176 576
9.27008 608
9.27008 576
9.2784 608
9.2784 576
9.28672 608
9.28672 576
9.29504 608
9.29504 576
9.30336 608
9.30336 576
9.31168 608
9.31168 576
16.524 56


1.00212 76
1.003 56
1.00734 72
1.0113 72
1.01962 72
1.02794 72
1.03626 72
1.04458 72
1.0529 72
1.06122 72
1.06954 72
1.07786 72
1.08618 72
1.0945 72
1.10282 72
1.11114 72
1.11946 72
1.1287 80
1.1361 80
1.13702 80
1.14213 72
1.14815 72
1.15366 72
1.16198 72
1.1703 72
1.17862 72
1.18694 72
1.19526 72
1.20358 72
1.2119 72
1.22022 72
1.22854 72
1.23686 72
1.24518 72
1.2535 72
1.26182 72
1.27014 72
1.27846 72
1.28678 72
1.2951 72
1.30342 72
1.31174 72
1.32006 72
1.32838 72
1.3367 72
1.34502 72
1.35334 72
1.36166 72
1.36998 72
1.3783 72
1.38662 72
1.39494 80
1.40234 80
1.40326 80
1.40837 72
1.41439 72
1.4199 72
1.42822 80
1.43562 80
1.43654 80
1.44165 72
1.44767 72
1.45318 72
1.4615 72
1.46982 72
1.47814 72
1.48646 72
1.49478 72
1.5031 72
1.51142 72
1.51974 72
1.52806 72
1.53638 72
1.5447 72
1.55302 72
1.56134 72
1.56966 72
1.57798 72
1.5863 72
1.59462 72
1.60294 72
1.61126 72
1.61958 72
1.6279 72
1.63622 72
1.64454 72
1.65286 72
1.66118 72
1.6695 72
1.67782 72
1.68614 72
1.69446 72
1.70278 72
1.7111 72
1.71942 72
1.72774 72
1.73606 72
1.74438 72
1.7527 72
1.76102 72
1.76934 72
1.77766 72
1.78598 72
1.7943 72
1.80262 72
1.81094 72
1.81926 72
1.82758 72
1.8359 72
1.84422 72
1.85254 72
1.86086 72
1.86918 72
1.8775 72
1.88582 72
1.89414 72
1.90246 72
1.91078 72
1.9191 72
1.92742 72
1.93574 72
1.94406 72
1.95238 72
1.9607 72
1.96902 72
1.97734 72
1.98566 72
1.99398 72
2.0023 72
2.01062 72
2.01894 72
2.02726 72
2.03558 72
2.0439 72
2.05222 72
2.06054 72
2.06886 72
2.0766 56
2.07718 72
2.0855 72
2.09382 72
2.10214 72
2.11046 72
2.11878 72
2.1271 72
2.13542 72
2.14374 72
2.15206 72
2.16038 72
2.1687 72
2.17702 72
2.18534 72
2.19366 72
2.20198 72
2.2103 72
2.21862 72
2.22694 72
2.23526 72
2.24358 72
2.2519 72
2.26022 72
2.26854 72
2.27686 72
2.28518 72
2.2935 72
2.30182 72
2.31014 72
2.31846 72
2.32678 72
2.3351 72
2.34342 72
2.35174 72
2.36006 72
2.36838 72
2.3767 72
2.38502 72
2.39334 72
2.40166 72
2.40998 72
2.4183 72
2.42662 72
2.43494 72
2.44326 72
2.45158 72
2.4599 72
2.46822 72
2.47654 72
2.48486 72
2.49318 72
2.5015 72
2.50982 80
2.51722 80
2.52554 88
2.52646 88
2.53066 80
2.53576 80
2.54082 72
2.54689 72
2.5505 72
2.55882 72
2.56714 72
2.57546 72
2.5847 80
2.5921 80
2.59302 80
2.59813 72
2.60415 72
2.60966 72
2.61798 72
2.6263 72
2.63462 72
2.64294 72
2.65126 72
2.65958 72
2.6679 72
2.67622 72
2.68454 72
2.69286 72
2.70118 72
2.7095 72
2.71782 72
2.72614 72
2.73446 72
2.74278 72
2.7511 72
2.75942 72
2.76774 72
2.77606 72
2.78438 72
2.7927 72
2.80102 72
2.80934 72
2.81766 72
2.82598 72
2.8343 72
2.84262 72
2.85094 72
2.85926 72
2.86758 72
2.8759 72
2.88422 72
2.89254 72
2.90086 72
2.90918 72
2.9175 72
2.92582 72
2.93414 72
2.94246 72
2.95078 72
2.9591 72
2.96742 72
2.97574 72
2.98406 72
2.99238 72
3.0007 72
3.00902 72
3.01734 72
3.02566 72
3.03398 72
3.0423 72
3.05062 72
3.05894 72
3.06726 72
3.07558 72
3.0839 72
3.09222 72
3.10054 72
3.10886 72
3.11718 72
3.1255 72
3.13382 72
3.14214 72
3.15046 72
3.15878 72
3.1671 72
3.17542 72
3.18374 72
3.19206 72
3.20038 72
3.2087 72
3.21702 72
3.22534 72
3.23366 72
3.24198 72
3.2503 72
3.25862 72
3.26694 72
3.27526 72
3.28358 72
3.2919 72
3.30022 72
3.30854 72
3.31686 72
3.32518 72
3.3335 72
3.34182 72
3.35014 72
3.35846 72
3.36678 72
3.3751 72
3.38342 72
3.39174 72
3.40006 72
3.40838 72
3.4167 72
3.42502 72
3.43334 72
3.44166 72
3.44998 72
3.4583 72
3.46662 72
3.47494 72
3.48326 72
3.49158 72
3.4999 72
3.50822 72
3.51654 72
3.52486 72
3.53318 72
3.5415 72
3.54982 72
3.55814 72
3.56646 72
3.57478 72
3.5831 72
3.59142 72
3.59974 72
3.60806 72
3.61638 72
3.6247 72
3.63302 72
3.64134 72
3.64966 72
3.65798 72
3.6663 72
3.67462 72
3.68294 72
3.69126 72
3.69958 72
3.7079 72
3.71622 72
3.72454 72
3.73286 72
3.74118 72
3.7495 72
3.75782 72
3.76614 72
3.77446 72
3.78278 72
3.7911 72
3.79942 72
3.80774 72
3.81606 72
3.82438 72
3.8327 72
3.84102 72
3.84934 72
3.85766 72
3.86598 72
3.8743 72
3.88262 72
3.89094 72
3.89926 72
3.90758 72
3.9159 72
3.92422 72
3.93254 72
3.94086 72
3.94918 72
3.9575 72
3.96582 72
3.97414 72
3.98246 72
3.99078 72
3.9991 72
4.00742 72
4.01574 72
4.02406 72
4.03238 72
4.0407 72
4.04902 72
4.05734 72
4.06566 72
4.07398 72
4.0823 72
4.09062 72
4.09894 72
4.10726 72
4.11558 72
4.1239 72
4.13222 72
4.14054 72
4.14886 72
4.15718 72
4.1655 72
4.17382 72
4.18214 72
4.19046 72
4.19878 72
4.2071 72
4.21542 72
4.22374 72
4.23206 72
4.24038 72
4.2487 72
4.25702 72
4.26534 72
4.27366 72
4.28198 72
4.2903 72
4.29862 72
4.30694 72
4.31526 72
4.3233 56
4.32358 72
4.3319 72
4.34022 72
4.34854 72
4.35686 72
4.36518 72
4.3735 72
4.38182 72
4.39014 72
4.39846 72
4.40678 72
4.4151 72
4.42342 72
4.43174 72
4.44006 72
4.44838 72
4.4567 72
4.46502 72
4.47334 72
4.48166 72
4.48998 72
4.4983 72
4.50662 72
4.51494 72
4.52326 72
4.53158 72
4.5399 72
4.54822 72
4.55654 72
4.56486 72
4.57318 72
4.5815 72
4.58982 72
4.59814 72
4.60646 72
4.61478 72
4.6231 72
4.63142 72
4.63974 72
4.64806 72
4.65638 72
4.6647 72
4.67302 72
4.68134 72
4.68966 72
4.69798 72
4.7063 72
4.71462 72
4.72294 72
4.73126 72
4.73958 72
4.7479 72
4.75622 72
4.76454 72
4.77286 72
4.78118 72
4.7895 72
4.79782 72
4.80614 72
4.81446 72
4.82278 72
4.8311 72
4.83942 72
4.84774 72
4.85606 72
4.86438 72
4.8727 72
4.88102 72
4.88934 72
4.89766 72
4.90598 72
4.9143 72
4.92262 72
4.93094 72
4.93926 72
4.94758 72
4.9559 72
4.96422 72
4.97254 72
4.98086 72
4.98918 72
4.9975 72
5.00582 72
5.01414 72
5.02246 72
5.03078 72
5.0391 72
5.04742 72
5.05574 72
5.06406 72
5.07238 72
5.0807 72
5.08902 72
5.09734 72
5.10566 72
5.11398 72
5.1223 72
5.13062 72
5.13894 72
5.14726 72
5.15558 72
5.1639 72
5.17222 72
5.18054 72
5.18886 72
5.19718 72
5.2055 72
5.21382 72
5.22214 72
5.23046 72
5.23878 72
5.2471 72
5.25542 72
5.26374 72
5.27206 72
5.28038 72
5.2887 72
5.29702 72
5.30534 72
5.31366 72
5.32198 72
5.3303 72
5.33862 72
5.34694 72
5.35526 72
5.36358 72
5.3719 72
5.38022 72
5.38854 72
5.39686 72
5.40518 72
5.4135 72
5.42182 72
5.43014 72
5.43846 72
5.44678 72
5.4551 72
5.46342 72
5.47174 72
5.48006 72
5.48838 72
5.4967 72
5.50502 72
5.51334 72
5.52166 72
5.52998 72
5.5383 72
5.54662 72
5.55494 72
5.56326 72
5.57158 72
5.5799 72
5.58822 72
5.59654 72
5.60486 72
5.61318 72
5.6215 72
5.62982 72
5.63814 72
5.64646 72
5.65478 72
5.6631 72
5.67142 72
5.67974 72
5.68806 72
5.69638 72
5.7047 72
5.71302 72
5.72134 72
5.72966 72
5.73798 72
5.7463 72
5.75462 72
5.76294 72
5.77126 72
5.77958 80
5.78698 80
5.7879 80
5.79301 72
5.79903 72
5.80454 72
5.81286 72
5.82118 72
5.8295 72
5.83782 72
5.84614 72
5.85446 72
5.86278 72
5.8711 72
5.87942 72
5.88774 72
5.89606 72
5.90438 72
5.9127 72
5.92102 72
5.92934 72
5.93766 72
5.94598 72
5.9543 72
5.96262 72
5.97094 72
5.97926 72
5.98758 72
5.9959 72
6.00422 72
6.01254 72
6.02086 72
6.02918 72
6.0375 72
6.04582 72
6.05414 72
6.06246 72
6.07078 72
6.0791 72
6.08742 72
6.09574 72
6.10406 72
6.11238 72
6.1207 72
6.12902 72
6.13734 72
6.14566 72
6.15398 72
6.1623 72
6.17062 72
6.17894 72
6.18726 72
6.19558 72
6.2039 72
6.21222 72
6.22054 72
6.22886 72
6.23718 72
6.2455 72
6.25382 72
6.26214 72
6.27046 72
6.27878 72
6.2871 72
6.29542 72
6.30374 72
6.31206 72
6.32038 72
6.3287 72
6.33702 72
6.34534 72
6.35366 72
6.36198 72
6.3703 72
6.37862 72
6.38694 72
6.39526 72
6.40358 72
6.4119 72
6.42022 72
6.42854 80
6.43594 80
6.43686 80
6.44197 72
6.44799 72
6.4535 72
6.46182 72
6.47014 72
6.47846 72
6.48678 72
6.4951 72
6.50342 72
6.51174 72
6.52006 72
6.52838 72
6.5367 72
6.54502 72
6.55334 72
6.56166 72
6.56998 72
6.5783 72
6.58662 72
6.59494 72
6.60326 72
6.61158 72
6.6199 72
6.62822 72
6.63654 72
6.64486 72
6.65318 72
6.6615 72
6.66982 72
6.67814 72
6.68646 72
6.69478 72
6.7031 72
6.71142 72
6.71974 72
6.72806 72
6.73638 72
6.7447 72
6.75302 72
6.76134 72
6.76966 72
6.77798 72
6.7863 72
6.79462 72
6.80294 72
6.81126 72
6.81958 72
6.8279 72
6.83622 72
6.84454 72
6.85286 72
6.86118 72
6.8695 72
6.87782 72
6.88614 72
6.89446 72
6.90278 72
6.9111 72
6.91942 72
6.92774 72
6.93606 72
6.94438 72
6.9527 72
6.96102 72
6.96934 72
6.97766 72
6.98598 72
6.9943 72
7.00262 72
7.01094 72
7.01926 72
7.02758 72
7.0359 72
7.04422 72
7.05254 72
7.06086 72
7.06918 72
7.0775 72
7.08582 72
7.09414 72
7.10246 72
7.11078 72
7.1191 72
7.12742 72
7.13574 72
7.14406 72
7.15238 72
7.1607 72
7.16902 72
7.17734 72
7.18566 72
7.19398 72
7.2023 72
7.21062 72
7.21894 72
7.22726 72
7.23558 72
7.2439 72
7.25222 72
7.26054 72
7.26886 72
7.27718 72
7.2855 72
7.29382 72
7.30214 72
7.31046 72
7.31878 72
7.3271 72
7.34282 80
7.34374 80
7.35114 80
7.35206 80
7.35619 72
7.36221 72
7.3687 80
7.3761 80
7.37702 80
7.38213 72
7.38815 72
7.39366 72
7.40198 72
7.4103 72
7.41862 72
7.42694 72
7.43526 72
7.44358 72
7.4519 72
7.46022 72
7.46854 72
7.47686 72
7.48518 72
7.4935 72
7.50182 72
7.51014 72
7.51846 72
7.52678 72
7.5351 72
7.54342 72
7.55174 72
7.56006 72
7.56838 72
7.5767 72
7.58502 72
7.59334 72
7.60166 72
7.60998 72
7.6183 72
7.62662 72
7.63494 72
7.64326 72
7.65158 72
7.6599 72
7.66822 72
7.67654 72
7.68486 72
7.69318 72
7.7015 72
7.70982 72
7.71814 72
7.72646 72
7.73478 72
7.7431 72
7.75142 72
7.75974 72
7.76806 72
7.77638 72
7.7847 72
7.79302 72
7.80134 72
7.80966 72
7.81798 72
7.8263 72
7.83462 72
7.84294 72
7.85126 72
7.85958 72
7.8679 72
7.87622 72
7.88454 72
7.89286 72
7.90118 72
7.9095 72
7.91782 72
7.92614 72
7.93446 72
7.94278 72
7.9511 72
7.95942 72
7.96774 72
7.97606 72
7.98438 72
7.9927 72
8.00102 72
8.00934 72
8.01766 72
8.02598 72
8.0343 72
8.04262 72
8.05094 72
8.05926 72
8.06758 72
8.0759 72
8.08422 72
8.09254 72
8.10086 72
8.10918 72
8.1249 80
8.12582 80
8.13322 80
8.13414 80
8.13827 72
8.14429 72
8.15078 72
8.1591 72
8.16742 72
8.17574 72
8.18406 72
8.19238 72
8.2007 72
8.20902 72
8.21734 72
8.22566 72
8.23398 72
8.2423 72
8.25062 72
8.25894 72
8.26726 72
8.27558 72
8.2839 72
8.29222 72
8.30054 72
8.30886 72
8.31718 72
8.3255 72
8.33382 72
8.34214 72
8.35046 72
8.35878 72
8.3671 72
8.37542 72
8.38374 72
8.39206 72
8.40038 72
8.4087 72
8.41702 72
8.42534 72
8.43366 72
8.44198 72
8.4503 72
8.45862 72
8.46694 72
8.47526 72
8.48358 72
8.4919 72
8.50022 72
8.50854 72
8.51686 72
8.52518 72
8.5335 72
8.54182 72
8.55014 72
8.55846 72
8.56678 72
8.5751 72
8.58342 72
8.59174 72
8.60006 72
8.60838 72
8.6167 72
8.62502 72
8.63334 72
8.64166 72
8.64998 72
8.6583 72
8.66662 72
8.67494 72
8.68326 72
8.69158 72
8.6999 72
8.70822 72
8.71654 72
8.72486 72
8.73318 72
8.7415 72
8.74982 72
8.75814 72
8.76646 72
8.77478 72
8.7831 72
8.79142 72
8.79974 72
8.80806 72
8.81638 72
8.8247 72
8.83302 72
8.84134 72
8.84966 72
8.85798 72
8.8663 72
8.87462 72
8.88294 72
8.89126 72
8.89958 72
8.9079 72
8.91622 72
8.92454 72
8.93286 72
8.94118 72
8.9495 72
8.95782 72
8.96104 56
8.96614 72
8.97446 72
8.98278 72
8.9911 72
8.99942 72
9.00774 72
9.01606 72
9.02438 72
9.0327 72
9.04102 72
9.04934 72
9.05766 72
9.06598 72
9.0743 72
9.08262 72
9.09094 72
9.09926 72
9.10758 72
9.1159 72
9.12422 72
9.13254 72
9.14086 72
9.14918 72
9.1575 72
9.16582 72
9.17414 72
9.18246 72
9.19078 72
9.1991 72
9.20742 72
9.21574 72
9.22406 72
9.23238 72
9.2407 72
9.24902 72
9.25734 72
9.26566 72
9.27398 72
9.2823 72
9.29062 72
9.29894 72
9.30726 72
9.31558 72
18.3584 56


